3 164 94 98 
3 224 335 49 
3 331 350 376 
3 124 122 237 
3 61 89 69 
3 61 161 94 
3 24 89 50 
3 109 25 35 
3 27 34 152 
3 444 443 435 
3 94 35 153 
3 3 61 69 
3 24 69 89 
3 38 218 104 
3 22 42 39 
3 14 24 34 
3 290 166 371 
3 226 76 224 
3 204 197 72 
3 82 3 14 
3 13 81 23 
3 99 13 23 
3 23 110 30 
3 110 2 30 
3 166 265 371 
3 90 61 3 
3 34 24 50 
3 293 167 207 
3 80 78 85 
3 61 94 164 
3 84 238 80 
3 4 161 61 
3 132 149 64 
3 196 22 228 
3 59 46 242 
3 179 84 80 
3 265 96 371 
3 52 258 207 
3 121 127 141 
3 343 168 346 
3 232 227 220 
3 232 243 227 
3 232 246 243 
3 57 126 56 
3 57 130 126 
3 221 232 220 
3 4 61 90 
3 134 80 85 
3 176 217 175 
3 4 0 161 
3 78 21 50 
3 126 130 129 
3 56 126 129 
3 111 182 201 
3 96 70 371 
3 89 164 98 
3 123 6 55 
3 197 87 72 
3 416 419 412 
3 245 80 179 
3 21 78 36 
3 61 164 89 
3 67 132 64 
3 150 149 132 
3 384 387 325 
3 214 221 112 
3 214 233 232 
3 221 214 232 
3 244 246 232 
3 233 244 232 
3 244 252 246 
3 244 143 119 
3 252 244 119 
3 127 142 141 
3 67 150 132 
3 82 90 3 
3 112 180 214 
3 244 253 143 
3 111 201 269 
3 37 74 63 
3 133 150 67 
3 118 133 67 
3 133 180 150 
3 191 214 180 
3 181 191 180 
3 191 234 233 
3 214 191 233 
3 234 244 233 
3 234 7 244 
3 244 98 253 
3 253 98 143 
3 216 217 115 
3 181 180 133 
3 15 16 219 
3 254 98 244 
3 7 254 244 
3 74 11 63 
3 14 3 24 
3 3 69 24 
3 217 216 175 
3 85 78 50 
3 73 78 80 
3 7 98 254 
3 105 133 118 
3 1 248 196 
3 48 241 100 
3 42 156 39 
3 149 173 344 
3 135 133 105 
3 106 135 105 
3 31 7 234 
3 148 31 234 
3 89 98 7 
3 31 89 7 
3 235 84 230 
3 14 27 236 
3 106 125 135 
3 19 20 62 
3 131 54 159 
3 34 50 21 
3 82 14 236 
3 201 52 43 
3 310 308 280 
3 131 159 54 
3 271 310 280 
3 27 14 34 
3 177 89 31 
3 238 73 80 
3 130 176 175 
3 354 331 381 
3 129 130 175 
3 125 136 135 
3 251 52 201 
3 106 56 125 
3 56 129 136 
3 125 56 136 
3 129 175 174 
3 136 129 174 
3 175 216 215 
3 174 175 215 
3 115 114 215 
3 216 115 215 
3 134 85 31 
3 85 177 31 
3 50 89 177 
3 85 50 177 
3 179 80 245 
3 400 407 367 
3 263 83 121 
3 217 179 115 
3 149 132 64 
3 178 187 116 
3 142 178 116 
3 326 120 319 
3 57 83 267 
3 304 391 294 
3 355 354 359 
3 128 29 11 
3 267 273 130 
3 48 16 10 
3 301 302 266 
3 196 66 22 
3 230 84 217 
3 247 13 243 
3 110 81 13 
3 271 178 266 
3 110 13 247 
3 278 277 267 
3 48 10 329 
3 258 11 275 
3 1 196 228 
3 154 247 243 
3 154 110 247 
3 263 141 270 
3 154 60 110 
3 60 154 110 
3 154 60 110 
3 11 74 37 
3 274 5 51 
3 252 154 243 
3 119 252 243 
3 109 110 60 
3 39 2 110 
3 109 39 110 
3 32 128 29 
3 32 128 11 
3 309 300 311 
3 252 119 154 
3 73 145 255 
3 67 64 259 
3 32 29 128 
3 258 275 43 
3 154 119 60 
3 119 109 60 
3 137 256 248 
3 270 267 83 
3 235 238 84 
3 267 130 57 
3 258 32 11 
3 302 310 271 
3 51 238 235 
3 266 302 271 
3 5 36 255 
3 51 235 230 
3 51 145 73 
3 286 51 230 
3 287 274 286 
3 119 25 109 
3 10 40 289 
3 120 48 329 
3 274 51 286 
3 276 230 217 
3 10 16 15 
3 51 5 145 
3 43 11 201 
3 176 276 217 
3 143 25 119 
3 158 207 167 
3 360 321 357 
3 130 273 276 
3 122 198 237 
3 270 278 267 
3 77 218 38 
3 15 6 40 
3 280 187 178 
3 271 280 178 
3 258 207 32 
3 66 58 22 
3 279 287 278 
3 155 139 172 
3 121 141 263 
3 288 41 274 
3 287 288 274 
3 276 176 130 
3 289 288 205 
3 274 41 5 
3 288 287 279 
3 329 10 289 
3 16 100 219 
3 127 178 142 
3 273 267 276 
3 252 119 243 
3 116 279 141 
3 41 123 5 
3 116 288 279 
3 142 116 141 
3 207 158 32 
3 276 277 230 
3 101 102 163 
3 299 298 294 
3 287 286 278 
3 5 255 145 
3 131 159 70 
3 275 11 43 
3 32 158 250 
3 205 288 116 
3 73 36 78 
3 120 329 319 
3 297 391 300 
3 84 179 217 
3 17 77 38 
3 255 36 73 
3 263 270 83 
3 249 248 1 
3 286 230 277 
3 11 37 66 
3 43 52 258 
3 267 277 276 
3 279 278 270 
3 141 279 270 
3 51 73 238 
3 47 36 5 
3 201 66 269 
3 201 11 66 
3 309 310 302 
3 300 309 302 
3 182 33 251 
3 278 286 277 
3 243 246 252 
3 416 427 419 
3 96 131 70 
3 66 256 111 
3 65 335 189 
3 113 374 407 
3 144 139 155 
3 226 224 139 
3 358 400 396 
3 30 91 203 
3 226 139 144 
3 46 328 242 
3 307 304 298 
3 70 159 54 
3 103 265 284 
3 443 261 446 
3 17 38 28 
3 88 200 239 
3 72 170 211 
3 138 17 28 
3 35 1 228 
3 295 299 294 
3 18 131 140 
3 18 59 131 
3 207 258 52 
3 188 70 54 
3 104 87 197 
3 222 48 120 
3 325 326 311 
3 326 281 120 
3 54 159 292 
3 386 299 295 
3 138 59 17 
3 48 100 16 
3 59 242 17 
3 296 121 83 
3 10 15 40 
3 242 91 17 
3 225 9 211 
3 314 322 384 
3 326 325 281 
3 170 225 211 
3 17 91 77 
3 144 76 226 
3 155 9 225 
3 159 131 28 
3 172 139 170 
3 131 138 28 
3 281 264 120 
3 264 222 120 
3 139 155 225 
3 139 225 170 
3 314 325 313 
3 386 295 390 
3 292 159 28 
3 132 149 344 
3 424 427 416 
3 49 335 65 
3 314 313 304 
3 111 269 66 
3 9 71 72 
3 211 9 72 
3 306 316 353 
3 307 314 304 
3 325 311 313 
3 40 41 288 
3 289 40 288 
3 40 6 41 
3 6 123 41 
3 22 39 109 
3 165 312 76 
3 299 307 298 
3 144 165 76 
3 312 107 76 
3 376 381 331 
3 165 107 312 
3 155 172 330 
3 35 228 22 
3 45 184 160 
3 42 62 156 
3 2 39 62 
3 58 42 22 
3 49 71 9 
3 280 116 187 
3 280 205 116 
3 155 330 144 
3 280 289 205 
3 319 280 308 
3 162 77 20 
3 20 77 91 
3 329 289 280 
3 319 329 280 
3 156 62 39 
3 372 408 375 
3 190 1 0 
3 1 35 0 
3 42 19 62 
3 35 161 0 
3 190 0 97 
3 35 22 109 
3 76 53 224 
3 161 35 94 
3 49 9 155 
3 224 49 155 
3 29 63 11 
3 160 162 19 
3 76 333 53 
3 153 25 143 
3 71 49 65 
3 2 20 30 
3 62 20 2 
3 55 8 5 
3 169 0 4 
3 6 8 55 
3 35 25 153 
3 160 218 162 
3 218 77 162 
3 15 334 6 
3 334 8 6 
3 332 76 93 
3 8 47 5 
3 98 153 143 
3 94 153 98 
3 219 334 15 
3 332 333 76 
3 93 76 107 
3 100 334 219 
3 160 19 45 
3 19 162 20 
3 340 132 344 
3 45 19 42 
3 27 47 8 
3 27 36 47 
3 80 115 179 
3 45 42 58 
3 71 184 45 
3 236 27 8 
3 334 236 8 
3 332 93 333 
3 27 152 36 
3 223 64 340 
3 236 334 117 
3 152 21 36 
3 134 148 115 
3 115 148 114 
3 152 34 21 
3 5 123 55 
3 337 68 191 
3 333 93 282 
3 256 66 196 
3 135 174 347 
3 183 180 195 
3 117 285 236 
3 182 111 63 
3 354 318 352 
3 114 234 68 
3 71 65 184 
3 135 136 174 
3 191 215 337 
3 337 215 114 
3 63 33 182 
3 133 135 181 
3 135 347 181 
3 110 23 81 
3 157 180 183 
3 149 157 183 
3 227 147 220 
3 12 23 30 
3 151 99 46 
3 174 215 191 
3 99 328 46 
3 114 148 234 
3 149 150 157 
3 220 147 284 
3 79 186 336 
3 68 234 191 
3 396 357 356 
3 99 23 12 
3 328 99 12 
3 337 114 68 
3 356 358 396 
3 338 343 342 
3 223 340 339 
3 265 103 96 
3 341 223 339 
3 347 174 191 
3 182 251 201 
3 134 115 80 
3 12 30 203 
3 345 343 338 
3 147 227 103 
3 33 108 251 
3 95 20 91 
3 181 347 191 
3 345 346 343 
3 157 150 180 
3 103 227 18 
3 66 240 58 
3 345 344 346 
3 146 32 108 
3 445 125 444 
3 30 95 91 
3 124 373 374 
3 137 249 72 
3 344 345 338 
3 344 168 346 
3 12 203 328 
3 284 147 103 
3 240 66 37 
3 344 173 168 
3 314 384 322 
3 107 282 93 
3 76 53 107 
3 107 53 282 
3 282 53 333 
3 165 76 107 
3 315 202 291 
3 165 144 76 
3 407 374 367 
3 144 53 76 
3 388 389 92 
3 155 144 330 
3 144 224 53 
3 432 431 434 
3 155 189 144 
3 144 189 224 
3 189 335 53 
3 224 189 53 
3 146 29 32 
3 382 88 209 
3 331 316 350 
3 331 353 316 
3 357 367 366 
3 360 357 366 
3 367 374 373 
3 366 367 373 
3 373 407 374 
3 388 92 169 
3 170 65 155 
3 155 65 189 
3 328 203 91 
3 413 421 414 
3 356 331 358 
3 242 328 91 
3 168 343 346 
3 113 198 122 
3 124 113 122 
3 239 200 315 
3 331 356 357 
3 372 26 102 
3 375 372 102 
3 26 163 102 
3 408 372 375 
3 72 87 65 
3 170 72 65 
3 87 184 65 
3 63 108 11 
3 63 29 108 
3 370 285 231 
3 389 370 231 
3 131 18 140 
3 33 63 108 
3 368 306 321 
3 374 113 124 
3 285 324 268 
3 231 285 268 
3 336 272 186 
3 224 155 139 
3 363 369 372 
3 86 193 163 
3 208 63 111 
3 380 305 202 
3 356 357 321 
3 346 354 352 
3 346 168 354 
3 168 359 354 
3 364 290 369 
3 363 364 369 
3 290 371 372 
3 369 290 372 
3 371 70 26 
3 372 371 26 
3 70 188 26 
3 188 54 26 
3 54 163 26 
3 54 86 163 
3 54 28 86 
3 28 38 86 
3 38 197 86 
3 38 104 197 
3 104 218 87 
3 218 160 87 
3 160 184 87 
3 58 240 208 
3 240 37 63 
3 208 240 63 
3 340 64 132 
3 343 168 346 
3 400 367 357 
3 396 400 357 
3 54 292 28 
3 96 103 18 
3 346 168 343 
3 249 137 248 
3 200 209 199 
3 79 222 281 
3 327 308 309 
3 343 346 352 
3 383 388 169 
3 200 88 209 
3 285 186 324 
3 241 48 79 
3 16 100 79 
3 303 100 79 
3 323 105 451 
3 100 303 186 
3 100 16 79 
3 321 353 331 
3 236 285 370 
3 389 231 92 
3 100 285 117 
3 108 63 11 
3 186 303 79 
3 88 382 209 
3 82 236 389 
3 100 241 79 
3 45 72 71 
3 0 169 97 
3 45 137 72 
3 285 100 186 
3 137 45 58 
3 199 378 305 
3 208 137 58 
3 356 331 357 
3 305 380 202 
3 378 349 305 
3 169 92 315 
3 192 262 75 
3 361 192 75 
3 291 202 237 
3 258 293 207 
3 272 79 377 
3 324 186 268 
3 268 186 88 
3 90 389 388 
3 169 315 291 
3 97 169 291 
3 79 320 377 
3 4 383 169 
3 379 317 368 
3 200 202 315 
3 92 239 315 
3 306 353 321 
3 370 389 236 
3 48 222 79 
3 206 361 185 
3 361 206 185 
3 92 231 239 
3 356 321 331 
3 190 171 185 
3 249 190 185 
3 206 198 361 
3 198 192 361 
3 90 388 383 
3 305 124 237 
3 327 311 326 
3 4 90 383 
3 190 249 1 
3 206 361 185 
3 171 206 185 
3 202 305 237 
3 108 29 146 
3 308 310 309 
3 334 100 117 
3 90 82 389 
3 79 336 186 
3 224 53 335 
3 354 381 318 
3 231 268 239 
3 186 272 209 
3 88 186 209 
3 200 199 202 
3 327 326 319 
3 308 327 319 
3 309 311 327 
3 435 443 446 
3 199 305 202 
3 97 171 190 
3 171 97 206 
3 97 291 206 
3 237 198 206 
3 291 237 206 
3 406 124 305 
3 399 402 400 
3 373 374 407 
3 300 304 311 
3 304 313 311 
3 407 213 113 
3 208 111 256 
3 403 402 399 
3 363 403 399 
3 29 128 32 
3 403 375 402 
3 363 399 359 
3 194 192 198 
3 193 86 75 
3 400 213 407 
3 272 336 79 
3 79 281 320 
3 300 302 297 
3 294 298 304 
3 299 322 314 
3 307 299 314 
3 322 384 314 
3 377 281 325 
3 387 377 325 
3 281 377 320 
3 355 358 331 
3 101 102 262 
3 363 375 403 
3 197 204 75 
3 102 101 262 
3 299 384 322 
3 262 163 193 
3 318 343 352 
3 299 322 384 
3 299 393 322 
3 322 393 384 
3 137 208 256 
3 86 197 75 
3 186 79 336 
3 222 264 281 
3 185 361 75 
3 365 360 366 
3 386 392 393 
3 299 386 393 
3 393 392 384 
3 392 394 384 
3 394 398 387 
3 384 394 387 
3 404 377 387 
3 398 404 387 
3 404 209 377 
3 209 272 377 
3 399 400 358 
3 359 399 358 
3 101 163 262 
3 262 193 75 
3 102 101 375 
3 204 72 249 
3 31 148 134 
3 424 437 427 
3 359 358 355 
3 400 402 213 
3 204 249 185 
3 351 317 386 
3 390 351 386 
3 317 392 386 
3 392 317 394 
3 317 395 394 
3 395 397 398 
3 394 395 398 
3 397 405 404 
3 398 397 404 
3 199 209 404 
3 405 199 404 
3 268 88 239 
3 75 204 185 
3 318 352 354 
3 243 18 227 
3 397 385 405 
3 385 199 405 
3 262 192 194 
3 101 262 194 
3 18 131 96 
3 349 378 199 
3 385 349 199 
3 250 158 167 
3 293 250 167 
3 379 362 395 
3 317 379 395 
3 395 362 397 
3 362 365 397 
3 365 401 397 
3 401 349 385 
3 397 401 385 
3 375 194 213 
3 213 194 113 
3 375 101 194 
3 354 352 318 
3 342 343 318 
3 375 213 402 
3 451 261 443 
3 32 250 293 
3 258 32 293 
3 113 194 198 
3 351 409 368 
3 355 331 354 
3 339 340 344 
3 372 375 363 
3 339 344 338 
3 368 321 379 
3 360 362 379 
3 360 365 362 
3 366 365 362 
3 365 366 362 
3 406 349 401 
3 365 406 401 
3 108 258 52 
3 258 108 32 
3 305 349 406 
3 297 302 301 
3 52 251 108 
3 321 360 379 
3 384 325 314 
3 373 406 365 
3 366 373 365 
3 373 349 406 
3 349 373 406 
3 373 124 406 
3 106 105 323 
3 439 434 431 
3 18 243 229 
3 83 57 260 
3 447 83 260 
3 418 425 429 
3 439 441 434 
3 441 442 434 
3 257 106 323 
3 391 425 418 
3 435 437 444 
3 257 323 452 
3 391 418 294 
3 296 440 441 
3 440 296 441 
3 131 59 138 
3 294 413 295 
3 95 30 20 
3 428 432 434 
3 422 424 415 
3 294 420 413 
3 425 296 429 
3 414 422 415 
3 425 121 296 
3 296 440 431 
3 452 323 451 
3 296 83 447 
3 431 441 439 
3 445 444 436 
3 429 296 431 
3 450 56 106 
3 301 121 433 
3 106 257 452 
3 414 415 411 
3 390 413 386 
3 18 229 59 
3 59 229 46 
3 386 414 411 
3 301 433 425 
3 248 256 196 
3 411 416 412 
3 300 391 304 
3 422 436 424 
3 46 229 151 
3 127 121 301 
3 412 419 356 
3 295 413 390 
3 351 390 411 
3 442 56 125 
3 409 351 412 
3 247 243 13 
3 330 172 155 
3 451 118 67 
3 364 44 290 
3 290 44 166 
3 166 210 265 
3 265 210 284 
3 442 436 434 
3 229 99 151 
3 364 449 44 
3 449 283 44 
3 418 420 294 
3 363 449 364 
3 212 284 210 
3 44 210 166 
3 420 428 422 
3 44 212 210 
3 247 229 243 
3 229 247 99 
3 127 266 178 
3 56 450 260 
3 413 420 421 
3 359 168 363 
3 363 168 449 
3 415 424 416 
3 296 447 260 
3 212 220 284 
3 436 437 424 
3 351 411 412 
3 440 441 431 
3 283 212 44 
3 451 67 261 
3 168 173 449 
3 449 173 283 
3 426 342 318 
3 381 426 318 
3 212 348 220 
3 266 127 301 
3 426 338 342 
3 149 283 173 
3 149 212 283 
3 438 338 426 
3 433 121 425 
3 149 183 212 
3 414 421 422 
3 172 170 155 
3 368 317 351 
3 350 381 376 
3 67 259 261 
3 183 112 212 
3 212 112 348 
3 348 112 220 
3 432 431 434 
3 448 339 338 
3 438 448 338 
3 420 431 432 
3 112 221 220 
3 428 420 432 
3 431 432 434 
3 417 381 350 
3 422 428 434 
3 423 426 381 
3 417 423 381 
3 56 260 57 
3 451 105 118 
3 296 260 440 
3 386 413 414 
3 306 350 316 
3 448 341 339 
3 415 416 411 
3 436 444 437 
3 259 341 448 
3 297 425 391 
3 442 125 445 
3 450 106 452 
3 410 350 306 
3 341 259 223 
3 355 417 350 
3 410 355 350 
3 259 64 223 
3 410 356 350 
3 356 410 350 
3 356 355 410 
3 355 419 417 
3 247 13 99 
3 195 112 183 
3 180 112 195 
3 419 355 356 
3 301 425 297 
3 390 386 411 
3 446 259 448 
3 446 261 259 
3 434 436 422 
3 421 420 422 
3 409 410 306 
3 368 409 306 
3 412 356 410 
3 409 412 410 
3 442 445 436 
3 435 423 430 
